0.40876 -0.864215 0.286297
0.382426 -0.864215 0.320913
0.337667 -0.895131 0.283353
0.311799 -0.895131 0.311701
0.283459 -0.895131 0.337579
0.252899 -0.895131 0.360844
0.220395 -0.895131 0.38138
0.186225 -0.895131 0.399075
0.150666 -0.895131 0.413811
0.130091 -0.922287 0.357299
0.098429 -0.922287 0.36737
0.066048 -0.922287 0.374689
0.033183 -0.922287 0.379157
7.7e-05 -0.922287 0.380673
-0.038254 -0.895131 0.439142
-0.086436 -0.864215 0.491509
-0.143371 -0.829897 0.53595
-0.189568 -0.829897 0.521275
-0.256994 -0.792089 0.551262
-0.27849 -0.750897 0.597373
-0.3536 -0.706432 0.612389
-0.405806 -0.706432 0.579429
-0.483612 -0.65883 0.576313
-0.454892 -0.706432 0.542088
-0.500412 -0.706432 0.500548
-0.541964 -0.706432 0.45504
-0.505251 -0.750897 0.424215
-0.540076 -0.750897 0.378464
-0.570816 -0.750897 0.329803
-0.640701 -0.706432 0.298896
-0.706304 -0.65883 0.257061
-0.766067 -0.608328 0.205128
-0.802568 -0.555189 0.214901
-0.85226 -0.499677 0.150077
-0.892962 -0.441864 0.077979
-0.919745 -0.382193 0.080318
-0.942665 -0.320928 0.08232
-0.961628 -0.258335 0.083976
-0.980428 -0.194681 -0.0
-0.987308 -0.13023 -0.086218
-0.982141 -0.065248 -0.172948
-0.965095 -0.0 -0.258421
-0.938643 -0.0 -0.341621
-0.905219 -0.0 -0.422297
-0.863174 0.065248 -0.498721
-0.816689 0.065248 -0.572304
-0.818495 -0.0 -0.57357
-0.765717 -0.0 -0.642906
-0.707011 -0.0 -0.707203
-0.705451 -0.065248 -0.705643
-0.641279 -0.065248 -0.764202
-0.637066 -0.13023 -0.759181
-0.693173 -0.194681 -0.693362
-0.682588 -0.258335 -0.682774
-0.669127 -0.320928 -0.669309
-0.60826 -0.320928 -0.724854
-0.55354 -0.258335 -0.790371
-0.562124 -0.194681 -0.802628
-0.495209 -0.13023 -0.857638
-0.421127 -0.065248 -0.903333
-0.341381 -0.0 -0.938731
-0.257618 0.065248 -0.963029
-0.171589 0.13023 -0.975729
-0.085068 0.194681 -0.976559
-0.083769 0.258335 -0.961647
0.000195 0.258335 -0.965456
0.084157 0.258335 -0.961611
0.164207 0.320928 -0.931541
0.244712 0.320928 -0.913346
0.16751 0.258335 -0.950281
0.170108 0.194681 -0.965017
0.171983 0.13023 -0.975658
0.256301 0.13023 -0.9566
0.257996 0.065248 -0.962927
0.340985 0.065248 -0.936529
0.341739 -0.0 -0.9386
0.422392 -0.0 -0.905175
0.42146 -0.065248 -0.903178
0.338745 -0.13023 -0.930376
0.33505 -0.194681 -0.920229
0.249635 -0.258335 -0.931719
0.244712 -0.320928 -0.913346
0.238762 -0.382193 -0.891139
0.155549 -0.441864 -0.882425
0.150227 -0.499677 -0.852232
0.144285 -0.555189 -0.818523
0.137723 -0.608328 -0.781297
0.065592 -0.65883 -0.749477
0.061697 -0.706432 -0.704967
0.057517 -0.750897 -0.657212
0.000123 -0.792089 -0.608907
0.000112 -0.829897 -0.555297
0.048404 -0.829897 -0.553086
0.043525 -0.864215 -0.497333
0.086634 -0.864215 -0.491473
0.143581 -0.829897 -0.535893
0.189767 -0.829897 -0.521202
0.234553 -0.829897 -0.502641
0.210909 -0.864215 -0.451973
0.249609 -0.864215 -0.431933
0.220395 -0.895131 -0.38138
0.190297 -0.922287 -0.329297
0.218362 -0.922287 -0.311565
0.182992 -0.945569 -0.261098
0.14697 -0.964868 -0.209702
0.110479 -0.980071 -0.157635
0.123829 -0.980071 -0.147471
0.136209 -0.980071 -0.136167
0.14751 -0.980071 -0.123783
0.157668 -0.980071 -0.110431
0.166634 -0.980071 -0.096231
0.23195 -0.964868 -0.108158
0.240507 -0.964868 -0.087494
0.307886 -0.945569 -0.082406
0.314011 -0.945569 -0.055272
0.379164 -0.922287 -0.033097
0.380673 -0.922287 -0.0
0.439135 -0.895131 0.038332
0.491495 -0.864215 0.086512
0.535931 -0.829897 0.143442
0.481907 -0.864215 0.128983
0.468709 -0.864215 0.170511
0.452032 -0.864215 0.210782
