0.382426 -0.864215 0.320913
0.337667 -0.895131 0.283353
0.311799 -0.895131 0.311701
0.283459 -0.895131 0.337579
0.252899 -0.895131 0.360844
0.220395 -0.895131 0.38138
0.186225 -0.895131 0.399075
0.150666 -0.895131 0.413811
0.130091 -0.922287 0.357299
0.098429 -0.922287 0.36737
0.066048 -0.922287 0.374689
0.033183 -0.922287 0.379157
7.7e-05 -0.922287 0.380673
-0.038254 -0.895131 0.439142
-0.086436 -0.864215 0.491509
-0.143371 -0.829897 0.53595
-0.189568 -0.829897 0.521275
-0.256994 -0.792089 0.551262
-0.27849 -0.750897 0.597373
-0.3536 -0.706432 0.612389
-0.405806 -0.706432 0.579429
-0.483612 -0.65883 0.576313
-0.510156 -0.608328 0.607945
-0.534463 -0.555189 0.636912
-0.61216 -0.499677 0.612326
-0.633847 -0.441864 0.634019
-0.652858 -0.382193 0.653036
-0.724689 -0.320928 0.608458
-0.739267 -0.258335 0.620698
-0.750731 -0.194681 0.630323
-0.759009 -0.13023 0.637273
-0.764028 -0.065248 0.641488
-0.765717 -0.0 0.642906
-0.707011 -0.0 0.707203
-0.705451 0.065248 0.705643
-0.700816 0.13023 0.701007
-0.693173 0.194681 0.693362
-0.739267 0.258335 0.620698
-0.774638 0.320928 0.542836
-0.755804 0.382193 0.529638
-0.707068 0.382193 0.593664
-0.652858 0.382193 0.653036
-0.633847 0.441864 0.634019
-0.61216 0.499677 0.612326
-0.587946 0.555189 0.588106
-0.561207 0.608328 0.561359
-0.532007 0.65883 0.532151
-0.500412 0.706432 0.500548
-0.454892 0.706432 0.542088
-0.424077 0.750897 0.505366
-0.391343 0.792089 0.466357
-0.349114 0.792089 0.498482
-0.318377 0.829897 0.454595
-0.277419 0.829897 0.480454
-0.249454 0.864215 0.432022
-0.220258 0.895131 0.381459
-0.186077 0.895131 0.399143
-0.150509 0.895131 0.413869
-0.11383 0.895131 0.42552
-0.098285 0.922287 0.367409
-0.082365 0.945569 0.307897
-0.066152 0.964868 0.247288
-0.044352 0.964868 0.252206
-0.027679 0.945569 0.317753
7.7e-05 0.922287 0.380673
0.038431 0.895131 0.439126
0.076495 0.895131 0.433951
0.129108 0.864215 0.481873
0.189767 0.829897 0.521202
0.234553 0.829897 0.502641
0.277591 0.829897 0.480355
0.349282 0.792089 0.498366
0.424236 0.750897 0.505233
0.46665 0.750897 0.466504
0.542087 0.706432 0.454892
0.615999 0.65883 0.431448
0.686762 0.608328 0.396603
0.719484 0.555189 0.4155
0.749115 0.499677 0.432612
0.775654 0.441864 0.447938
0.798918 0.382193 0.461373
0.818827 0.320928 0.472871
0.835299 0.258335 0.482383
0.790353 0.258335 0.553566
0.80261 0.194681 0.56215
0.750901 0.194681 0.630119
0.759181 0.13023 0.637067
0.764202 0.065248 0.64128
0.765891 -0.0 0.642698
0.764202 -0.065248 0.64128
0.81146 -0.13023 0.568349
0.80261 -0.194681 0.56215
0.835299 -0.258335 0.482383
0.856785 -0.320928 0.399518
0.835953 -0.382193 0.389804
0.81161 -0.441864 0.378453
0.783841 -0.499677 0.365504
0.752837 -0.555189 0.351047
0.74511 -0.608328 0.271062
0.706341 -0.65883 0.256959
0.664393 -0.706432 0.241699
0.619387 -0.750897 0.225326
0.587671 -0.792089 0.157291
0.535931 -0.829897 0.143442
0.481907 -0.864215 0.128983
0.468709 -0.864215 0.170511
0.452032 -0.864215 0.210782
0.432006 -0.864215 0.249482
